13.1056, 0.6425
13.1056, 0.4815
13.1358, 0.4809
13.1659, 0.4804
13.1961, 0.4799
13.2262, 0.4793
13.2564, 0.4788
13.2865, 0.4783
13.3167, 0.4777
13.3468, 0.4772
13.377, 0.4766
13.4071, 0.4761
13.4373, 0.4756
13.4674, 0.475
13.4976, 0.4745
13.5276, 0.4739
13.5579, 0.4734
13.588, 0.4729
13.6181, 0.4723
13.6482, 0.4718
13.6785, 0.4712
13.7086, 0.4707
13.7388, 0.4702
13.7689, 0.4696
13.7991, 0.4691
13.8292, 0.4685
13.8594, 0.468
13.8895, 0.4675
13.9197, 0.4668
13.9498, 0.4664
13.98, 0.4658
14.0101, 0.4653
14.0403, 0.4647
14.0704, 0.4642
14.1006, 0.4637
14.1307, 0.4631
14.1609, 0.4626
14.191, 0.4621
14.1911, 0.6232
14.2213, 0.7838
14.2213, 0.9449
14.2213, 1.106
14.2213, 1.2671
14.2214, 1.4283
14.2214, 1.5894
14.2214, 1.7505
14.2215, 1.9117
14.2516, 2.0723
14.2517, 2.2334
14.2517, 2.3945
14.2517, 2.5556
14.2518, 2.7168
14.2518, 2.8779
14.2518, 3.039
14.2519, 3.2001
14.2519, 3.3613
14.2519, 3.5224
14.252, 3.6835
14.2821, 3.8441
14.2822, 4.0052
14.3123, 4.1658
14.3124, 4.327
14.3426, 4.4875
14.3727, 4.487
14.4029, 4.6476
14.433, 4.6471
14.4632, 4.6465
14.4933, 4.646
14.5234, 4.6454
14.5537, 4.806
14.5838, 4.8054
14.6139, 4.8049
14.6441, 4.8044
14.6743, 4.8039
14.7044, 4.8033
14.7346, 4.8028
14.7647, 4.8022
14.7949, 4.8016
14.825, 4.8012
14.8552, 4.8006
14.8853, 4.8001
14.9155, 4.7995
14.9456, 4.799
14.9758, 4.7985
15.0059, 4.7979
15.0361, 4.7974
15.0662, 4.7968
15.0964, 4.7963
15.1265, 4.6346
15.1567, 4.6341
15.1868, 4.6336
15.217, 4.633
15.2471, 4.6324
15.2772, 4.6319
15.3074, 4.6314
15.3376, 4.6309
15.3677, 4.6303
15.3979, 4.6298
15.428, 4.6292
15.4582, 4.6287
15.4883, 4.6282
15.5185, 4.6276
15.5486, 4.6271
15.5788, 4.6265
15.6089, 4.626
15.6391, 4.6255
15.6692, 4.6249
15.6994, 4.6244
15.7295, 4.6238
15.7597, 4.6233
15.7898, 4.6228
15.8199, 4.6221
15.85, 4.6217
15.8803, 4.6211
15.9104, 4.6206
15.9405, 4.62
15.9707, 4.6195
16.0009, 4.619
16.031, 4.6183
16.0612, 4.6179
16.0913, 4.6174
16.1215, 4.6168
16.1516, 4.6162
16.1818, 4.6157
16.2119, 4.6152
16.2421, 4.6147
16.2722, 4.6141
16.3024, 4.6136
16.3325, 4.613
16.3627, 4.6125
16.3929, 4.7731
16.423, 4.7726
16.4532, 4.9331
16.4834, 5.0937
16.5135, 5.0932
16.5135, 5.2543
16.5135, 5.4154
16.5438, 5.576
16.5438, 5.7372
16.5438, 5.8982
16.5439, 6.0594
16.5739, 6.22
16.5741, 6.3811
16.5741, 6.5423
16.6042, 6.5417
16.6343, 6.7023
16.6646, 6.7018
16.6646, 6.8629
16.6947, 7.0235
16.7248, 7.0229
16.7551, 7.1835
16.7551, 7.3447
16.7852, 7.3441
16.8155, 7.5047
16.8155, 7.6658
16.8457, 7.6653
16.8758, 7.8258
16.906, 7.8253
16.9361, 7.8248
16.9663, 7.8243
16.9964, 7.8237
16.9965, 7.9848
17.0266, 7.9843
17.0568, 7.9838
17.0869, 7.9832
17.1171, 7.9827
17.1472, 7.9821
17.1774, 7.9816
17.2075, 7.9811
17.2377, 7.9805
17.2678, 7.98
17.298, 7.9794
17.3281, 7.9788
17.3583, 7.9784
17.3884, 7.9778
17.4186, 7.9773
17.4487, 7.9767
17.4788, 7.9762
17.509, 7.9757
17.5392, 7.975
17.5693, 7.9746
17.5995, 8.1352
17.6297, 8.1346
17.6598, 8.1341
17.69, 8.1336
17.7201, 8.133
17.7503, 8.2936
17.7805, 8.2931
17.8106, 8.2925
17.8408, 8.292
17.8709, 8.4526
17.9011, 8.452
17.9312, 8.4515
17.9614, 8.451
17.9915, 8.4504
18.0217, 8.611
18.0519, 8.6105
18.0821, 8.771
18.1122, 8.7705
18.1424, 8.77
18.1724, 8.7694
18.2027, 8.93
18.2328, 8.9295
18.263, 8.9289
18.2931, 8.9284
18.3233, 9.089
18.3535, 9.0884
18.3836, 9.0879
18.4138, 9.2485
18.444, 9.248
18.4741, 9.2474
18.5043, 9.2469
18.5344, 9.4075
18.5646, 9.4069
18.5948, 9.5675
18.6249, 9.7281
18.6551, 9.7276
18.6853, 9.8881
18.7154, 9.8876
18.7456, 10.0482
18.7758, 10.0477
18.8058, 10.2082
18.8361, 10.3688
18.8662, 10.5293
18.8965, 10.69
18.9266, 10.6895
18.9567, 10.85
18.987, 11.0106
19.0172, 11.1712
19.0474, 11.3317
19.0775, 11.4924
19.1077, 11.653
19.1379, 11.8136
19.1681, 11.9742
19.1983, 12.1348
19.2284, 12.1342
19.2586, 12.2948
19.2887, 12.2943
19.3189, 12.4548
19.3491, 12.4543
19.3793, 12.6149
19.4094, 12.6143
19.4396, 12.6138
19.4697, 12.7744
19.4999, 12.935
19.5301, 13.0956
19.5603, 13.2562
19.5905, 13.4168
19.6206, 13.5773
19.6508, 13.7379
19.6509, 13.8991
19.681, 14.0596
19.7112, 14.2202
19.7414, 14.3808
19.7414, 14.5419
19.7715, 14.7025
19.7715, 14.8637
19.8018, 15.0242
19.8319, 15.1848
19.8319, 15.346
19.8321, 15.507
19.8622, 15.6677
19.8622, 15.8288
19.8622, 15.9899
19.8925, 16.1505
19.8925, 16.3115
19.9226, 16.4722
19.9529, 16.6328
19.9529, 16.794
19.983, 16.9545
19.983, 17.1157
19.9832, 17.2768
20.0133, 17.4374
20.0134, 17.5985
20.0435, 17.7591
20.0436, 17.9202
20.0436, 18.0813
20.0738, 18.2419
20.0738, 18.4031
20.0739, 18.5642
20.0739, 18.7252
20.1041, 18.8859
20.1041, 19.047
20.1343, 19.2076
20.1343, 19.3687
20.1645, 19.5293
20.1645, 19.6905
20.1645, 19.8516
20.1646, 20.0127
20.1948, 20.1733
20.1948, 20.3344
20.1948, 20.4956
20.225, 20.6561
20.225, 20.8173
20.2251, 20.9784
20.2251, 21.1395
20.2553, 21.3001
20.2553, 21.4612
20.2553, 21.6223
20.2854, 21.783
20.2854, 21.9441
20.3157, 22.1047
20.3158, 22.2658
20.3458, 22.4264
20.346, 22.5875
20.3761, 22.7481
20.3761, 22.9092
20.3761, 23.0704
20.3761, 23.2315
20.4064, 23.3921
20.4064, 23.5532
20.4064, 23.7143
20.4367, 23.8749
20.4367, 24.036
20.4367, 24.1972
20.4668, 24.3578
20.4668, 24.5189
20.467, 24.68
20.4971, 24.8406
20.4971, 25.0017
20.4971, 25.1629
20.4971, 25.324
20.5274, 25.4846
20.5274, 25.6457
20.5274, 25.8068
20.5577, 25.9674
20.5577, 26.1285
20.5577, 26.2897
20.5878, 26.4503
20.5878, 26.6114
20.588, 26.7725
20.588, 26.9336
20.6181, 27.0942
20.6181, 27.2554
20.6181, 27.4165
20.6484, 27.5771
20.6484, 27.7382
20.6484, 27.8993
20.6787, 28.0599
20.6787, 28.221
20.6787, 28.3822
20.7088, 28.5428
20.7088, 28.7039
20.709, 28.865
20.709, 29.0261
20.709, 29.1873
20.709, 29.3484
20.7391, 29.509
20.7393, 29.6701
20.7393, 29.8312
20.7393, 29.9924
20.7393, 30.1535
20.7694, 30.3141
20.7696, 30.4752
20.7696, 30.6362
20.7696, 30.7974
20.7697, 30.9586
20.7697, 31.1197
20.7999, 31.2803
20.7999, 31.4414
20.7999, 31.6026
20.8, 31.7637
20.8, 31.9247
20.8302, 32.0854
20.8302, 32.2465
20.8302, 32.4076
20.8303, 32.5688
20.8303, 32.7299
20.8303, 32.891
20.8605, 33.0516
20.8605, 33.2127
20.8606, 33.3739
20.8907, 33.5345
20.8908, 33.6956
20.8908, 33.8567
20.8908, 34.0178
20.8909, 34.179
20.8909, 34.3401
20.9211, 34.5007
20.9211, 34.6618
20.9211, 34.8229
20.9212, 34.9841
20.9212, 35.1452
20.9212, 35.3063
20.9213, 35.4674
20.9514, 35.628
20.9515, 35.7892
20.9515, 35.9503
20.9515, 36.1114
20.9817, 36.272
20.9817, 36.4331
20.9818, 36.5943
20.9818, 36.7553
21.012, 36.916
21.012, 37.0771
21.012, 37.2382
21.0121, 37.3994
21.0121, 37.5605
21.0121, 37.7216
21.0122, 37.8827
21.0423, 38.0433
21.0424, 38.2045
21.0726, 38.365
21.0726, 38.5262
21.0726, 38.6873
21.0726, 38.8484
21.0727, 39.0096
21.0727, 39.1707
21.1029, 39.3313
21.1029, 39.4924
21.1331, 39.653
21.1331, 39.8141
21.1332, 39.9752
21.1332, 40.1364
21.1634, 40.297
21.1634, 40.4581
21.1634, 40.6192
21.1635, 40.7803
21.1635, 40.9415
21.1937, 41.102
21.2239, 41.2626
21.2239, 41.4238
21.2541, 41.5844
21.2541, 41.7455
21.2843, 41.9061
21.2843, 42.0672
21.3145, 42.2278
21.3145, 42.3889
21.3447, 42.5495
21.3447, 42.7106
21.3448, 42.8718
21.3448, 43.0329
21.375, 43.1935
21.375, 43.3546
21.375, 43.5157
21.4052, 43.6763
21.4052, 43.8374
21.4354, 43.8369
21.4354, 43.998
21.4656, 44.1586
21.4656, 44.3197
21.4958, 44.4803
21.526, 44.6409
21.5562, 44.8014
21.5562, 44.9626
21.5864, 45.1232
21.5864, 45.2843
21.6166, 45.4449
21.6468, 45.4444
21.6468, 45.6055
21.6768, 45.605
21.7071, 45.7656
21.7372, 45.9262
21.7673, 45.9256
21.7675, 46.0867
21.7976, 46.0862
21.8277, 46.2468
21.858, 46.2462
21.8881, 46.2457
21.9183, 46.4062
21.9484, 46.4058
21.9786, 46.5663
22.0088, 46.7269
22.039, 46.7264
22.0691, 46.7259
22.0993, 46.7252
22.1294, 46.7248
22.1596, 46.7242
22.1897, 46.7237
22.2199, 46.7231
22.25, 46.7226
22.2802, 46.7221
22.3103, 46.7215
