#DataThief /Users/bdhammel/Desktop/Screen Shot 2017-06-09 at 7.19.48 PM.png Friday 9-Jun-2017 7:33:01 PM
13.1348, 0.72
13.1649, 0.7191
13.1949, 0.7184
13.225, 0.7176
13.255, 0.7168
13.2851, 0.716
13.3151, 0.7151
13.3452, 0.7144
13.3752, 0.7136
13.4053, 0.7128
13.4353, 0.712
13.4654, 0.7111
13.4954, 0.7103
13.5255, 0.7095
13.5554, 0.7086
13.5856, 0.7079
13.6156, 0.7071
13.6457, 0.7063
13.6757, 0.7055
13.7058, 0.7046
13.7358, 0.7039
13.7659, 0.7031
13.7959, 0.7023
13.826, 0.7015
13.8559, 0.7006
13.886, 0.6999
13.9161, 0.6991
13.9462, 0.6983
13.9762, 0.6975
14.0063, 0.6966
14.0363, 0.6958
14.0664, 0.6949
14.0964, 0.6942
14.1265, 0.6934
14.1565, 0.6926
14.1865, 0.6918
14.2166, 0.6909
14.2467, 0.6902
14.2767, 0.6894
14.3068, 0.6886
14.3368, 0.6878
14.3669, 0.687
14.3969, 0.6862
14.427, 0.6854
14.457, 0.6846
14.487, 0.6838
14.5171, 0.683
14.5472, 0.6822
14.5772, 0.6813
14.6073, 0.6804
14.6374, 0.5189
14.6675, 0.5181
14.6975, 0.5173
14.7276, 0.5165
14.7576, 0.5157
14.7877, 0.5149
14.8176, 0.5141
14.8477, 0.5133
14.8778, 0.5125
14.9079, 0.5117
14.9379, 0.5109
14.968, 0.5101
14.998, 0.5093
15.0281, 0.5085
15.0581, 0.5077
15.0882, 0.5068
15.1182, 0.506
15.1482, 0.5051
15.1783, 0.5044
15.2084, 0.5036
15.2384, 0.5028
15.2685, 0.502
15.2985, 0.5011
15.3286, 0.5004
15.3587, 0.4996
15.3887, 0.4988
15.4188, 0.498
15.4487, 0.4971
15.4788, 0.4964
15.5089, 0.4956
15.539, 0.4948
15.569, 0.494
15.5991, 0.4932
15.6291, 0.4924
15.6592, 0.4915
15.6892, 0.4907
15.7193, 0.4899
15.7492, 0.4891
15.7793, 0.4883
15.8094, 0.4875
15.8395, 0.4867
15.8695, 0.4859
15.8996, 0.4851
15.9296, 0.4843
15.9597, 0.4835
15.9897, 0.4827
16.0198, 0.4819
16.0498, 0.4811
16.0799, 0.4803
16.1099, 0.4795
16.14, 0.4787
16.17, 0.4779
16.1699, 0.6387
16.1999, 0.7987
16.1998, 0.9595
16.1997, 1.1203
16.2298, 1.1195
16.2597, 1.2795
16.2596, 1.4403
16.2595, 1.6011
16.2594, 1.7619
16.2594, 1.9226
16.2593, 2.0835
16.2591, 2.2443
16.229, 2.4059
16.2288, 2.5667
16.2288, 2.7275
16.2288, 2.8883
16.2587, 3.0483
16.2586, 3.2091
16.2585, 3.37
16.2584, 3.5308
16.2584, 3.6916
16.2583, 3.8524
16.2882, 4.0124
16.2881, 4.1732
16.288, 4.334
16.3181, 4.3332
16.3481, 4.3324
16.3782, 4.3316
16.4082, 4.3308
16.4383, 4.33
16.4683, 4.3292
16.4984, 4.3284
16.5284, 4.3275
16.5585, 4.3267
16.5885, 4.3259
16.6186, 4.3251
16.6486, 4.3243
16.6787, 4.3235
16.7086, 4.3227
16.7388, 4.3219
16.7689, 4.3211
16.7989, 4.3203
16.8289, 4.4803
16.8589, 4.4795
16.889, 4.4787
16.919, 4.4779
16.9491, 4.4771
16.979, 4.4763
17.0092, 4.4755
17.0392, 4.4747
17.0693, 4.4739
17.0993, 4.4731
17.1294, 4.4722
17.1594, 4.4714
17.1895, 4.4706
17.2195, 4.4698
17.2496, 4.4689
17.2796, 4.4682
17.3096, 4.4674
17.3397, 4.4666
17.3698, 4.4658
17.3998, 4.465
17.4299, 4.4642
17.4599, 4.4634
17.49, 4.4626
17.52, 4.4618
17.5501, 4.461
17.58, 4.4602
17.6101, 4.4594
17.6402, 4.4586
17.6703, 4.4577
17.7003, 4.4569
17.7304, 4.4561
17.7604, 4.4553
17.7905, 4.4545
17.8205, 4.4537
17.8506, 4.4529
17.8805, 4.6129
17.9106, 4.612
17.9405, 4.6113
17.9707, 4.6105
18.0007, 4.6097
18.0308, 4.6089
18.0608, 4.608
18.0909, 4.6073
18.1209, 4.6065
18.151, 4.6057
18.181, 4.6049
18.2111, 4.604
18.2411, 4.6033
18.2711, 4.6024
18.3012, 4.6016
18.3313, 4.6008
18.3613, 4.6
18.3914, 4.5992
18.4214, 4.5984
18.4514, 4.7584
18.4815, 4.7576
18.5114, 4.7568
18.5415, 4.756
18.5716, 4.7551
18.6017, 4.7544
18.6316, 4.9144
18.6616, 5.0744
18.6915, 5.2344
18.7216, 5.2336
18.7516, 5.3936
18.7515, 5.5544
18.7814, 5.7144
18.7812, 5.8752
18.7812, 6.036
18.7811, 6.1968
18.7811, 6.3576
18.781, 6.5184
18.7809, 6.6792
18.7808, 6.8399
18.7807, 7.0009
18.7806, 7.1617
18.8106, 7.3216
18.8105, 7.4825
18.8404, 7.6425
18.8705, 7.6417
18.8704, 7.8025
18.9003, 7.8016
18.9304, 7.8009
18.9605, 7.8001
18.9906, 7.7992
19.0206, 7.9592
19.0506, 7.9584
19.0806, 8.1184
19.1106, 8.1176
19.1407, 8.1168
19.1707, 8.116
19.2008, 8.1152
19.2308, 8.1144
19.2609, 8.1136
19.2908, 8.2736
19.3209, 8.2728
19.3509, 8.272
19.381, 8.2711
19.411, 8.2704
19.4411, 8.2696
19.471, 8.4296
19.5011, 8.4288
19.5311, 8.428
19.5611, 8.588
19.5912, 8.5872
19.6212, 8.5864
19.6512, 8.7464
19.6811, 8.9064
19.7112, 8.9056
19.7412, 8.9048
19.7711, 9.0648
19.7711, 9.2256
19.8011, 9.2248
19.8011, 9.3856
19.8311, 9.3848
19.8611, 9.5448
19.861, 9.7056
19.891, 9.7048
19.8909, 9.8656
19.9209, 10.0256
19.9508, 10.1856
19.9808, 10.3456
20.0108, 10.5056
20.0407, 10.6656
20.0707, 10.8256
20.1007, 10.9856
20.1306, 11.1456
20.1606, 11.3056
20.1905, 11.4656
20.1904, 11.6263
20.2205, 11.6256
20.2204, 11.7864
20.2504, 11.9464
20.2803, 12.1064
20.3103, 12.2664
20.3102, 12.4272
20.3402, 12.5872
20.37, 12.7471
20.4001, 12.9072
20.4, 13.068
20.4299, 13.228
20.4299, 13.3888
20.4598, 13.5488
20.4898, 13.7088
20.4897, 13.8696
20.4896, 14.0304
20.5196, 14.1904
20.5194, 14.3512
20.5194, 14.512
20.5493, 14.672
20.5492, 14.8329
20.5491, 14.9937
20.5491, 15.1545
20.579, 15.3145
20.5789, 15.4753
20.5788, 15.636
20.6088, 15.7961
20.6087, 15.9569
20.6086, 16.1177
20.6085, 16.2785
20.6385, 16.4385
20.6383, 16.5993
20.6383, 16.7601
20.6381, 16.9209
20.6682, 17.0809
20.6681, 17.2417
20.668, 17.4025
20.6679, 17.5633
20.6678, 17.7241
20.6978, 17.8841
20.6977, 18.045
20.6976, 18.2058
20.6975, 18.3666
20.6974, 18.5274
20.6973, 18.6882
20.6972, 18.849
20.7271, 19.009
20.7271, 19.1698
20.7269, 19.3306
20.7269, 19.4914
20.7268, 19.6522
20.7267, 19.813
20.7266, 19.9738
20.7266, 20.1346
20.7565, 20.2946
20.7564, 20.4554
20.7563, 20.6162
20.7562, 20.7771
20.7561, 20.9379
20.7561, 21.0987
20.756, 21.2595
20.7859, 21.4195
20.7858, 21.5803
20.7856, 21.741
20.7856, 21.9019
20.7856, 22.0627
20.8155, 22.2227
20.8154, 22.3835
20.8153, 22.5443
20.8153, 22.705
20.8152, 22.8659
20.8151, 23.0267
20.815, 23.1875
20.8149, 23.3483
20.8148, 23.5091
20.8147, 23.67
20.8146, 23.8308
20.8145, 23.9916
20.8144, 24.1524
20.8444, 24.3124
20.8443, 24.4732
20.8441, 24.634
20.8441, 24.7948
20.8439, 24.9556
20.8439, 25.1164
20.8439, 25.2772
20.8437, 25.438
20.8437, 25.5988
20.8436, 25.7596
20.8435, 25.9203
20.8735, 26.0804
20.8734, 26.2412
20.8733, 26.4021
20.8732, 26.5629
20.8731, 26.7237
20.873, 26.8845
20.903, 27.0445
20.9029, 27.2053
20.9028, 27.366
20.9026, 27.5269
20.9325, 27.6869
20.9325, 27.8477
20.9325, 28.0085
20.9324, 28.1693
20.9323, 28.3301
20.9622, 28.4901
20.9622, 28.6509
20.9621, 28.8117
20.962, 28.9725
20.9619, 29.1333
20.9918, 29.2934
20.9918, 29.4542
20.9917, 29.615
20.9916, 29.7758
20.9915, 29.9365
20.9914, 30.0974
20.9912, 30.2582
21.0213, 30.4182
21.0212, 30.579
21.0211, 30.7398
21.021, 30.9005
21.0209, 31.0614
21.0208, 31.2222
21.0207, 31.383
21.0206, 31.5438
21.0506, 31.7038
21.0505, 31.8646
21.0504, 32.0254
21.0503, 32.1863
21.0502, 32.3471
21.0501, 32.5079
21.05, 32.6686
21.0499, 32.8295
21.0499, 32.9903
21.0498, 33.1511
21.0796, 33.3111
21.0796, 33.4719
21.0795, 33.6327
21.0795, 33.7934
21.0794, 33.9543
21.0793, 34.1151
21.0792, 34.2759
21.0791, 34.4367
21.079, 34.5975
21.109, 34.7574
21.1089, 34.9184
21.1088, 35.0792
21.1087, 35.24
21.1086, 35.4008
21.1085, 35.5615
21.1084, 35.7224
21.1083, 35.8832
21.1082, 36.044
21.1081, 36.2048
21.1081, 36.3656
21.108, 36.5264
21.1379, 36.6864
21.1378, 36.8472
21.1377, 37.008
21.1377, 37.1688
21.1376, 37.3296
21.1375, 37.4905
21.1374, 37.6513
21.1673, 37.8113
21.1673, 37.9721
21.1672, 38.1329
21.1671, 38.2937
21.167, 38.4545
21.1669, 38.6153
21.1668, 38.7761
21.1968, 38.9361
21.1967, 39.0969
21.1966, 39.2577
21.2265, 39.4177
21.2264, 39.5785
21.2264, 39.7393
21.2263, 39.9001
21.2262, 40.0609
21.2561, 40.2209
21.256, 40.3817
21.256, 40.5426
21.2559, 40.7034
21.2858, 40.8634
21.2857, 41.0242
21.2856, 41.185
21.2856, 41.3458
21.2854, 41.5066
21.3154, 41.6665
21.3153, 41.8274
21.3152, 41.9882
21.3151, 42.149
21.3151, 42.3098
21.3451, 42.309
21.345, 42.4698
21.3449, 42.6306
21.3448, 42.7913
21.3748, 42.9514
21.3747, 43.1122
21.3746, 43.273
21.3745, 43.4338
21.3744, 43.5947
21.4043, 43.7547
21.4043, 43.9155
21.4042, 44.0763
21.4342, 44.2363
21.4641, 44.3963
21.4941, 44.5563
21.494, 44.717
21.5241, 44.7163
21.554, 44.8763
21.5539, 45.0371
21.5838, 45.1971
21.6139, 45.1963
21.6138, 45.3571
21.6438, 45.5171
21.6738, 45.6771
21.7037, 45.8371
21.7337, 45.9971
21.7637, 45.9963
21.7635, 46.1571
21.7936, 46.1562
21.8237, 46.1555
21.8538, 46.1547
21.8838, 46.3147
21.9138, 46.3139
21.9439, 46.3131
21.9739, 46.3123
22.004, 46.3115
22.034, 46.3106
22.064, 46.4706
22.094, 46.4698
22.1241, 46.4689
22.1541, 46.4682
22.1842, 46.4674
22.2142, 46.4666
22.2443, 46.4658
22.2742, 46.6258
22.3043, 46.625
22.3343, 46.6242
22.3044, 46.4642
